[gd_scene load_steps=12 format=3 uid="uid://dirpn1qiync21"]

[ext_resource type="Script" uid="uid://bjsxn015iy706" path="res://scripts/level.gd" id="1_ppgk2"]
[ext_resource type="PackedScene" uid="uid://cgxslevnmo4e6" path="res://scenes/pumpkin_full.tscn" id="2_w7c3h"]
[ext_resource type="Texture2D" uid="uid://ceot28hwyfwh8" path="res://textures/nasa-explosion-rocket.svg" id="2_w8frs"]
[ext_resource type="Script" uid="uid://6kvx6nh8nem6" path="res://scripts/fps.gd" id="3_w8frs"]
[ext_resource type="Texture2D" uid="uid://b3uegguwcjwvt" path="res://textures/cgbug_Halloween_Pumpkin_Smile.svg" id="4_ppgk2"]

[sub_resource type="ProceduralSkyMaterial" id="ProceduralSkyMaterial_ppgk2"]
sky_horizon_color = Color(0.66224277, 0.6717428, 0.6867428, 1)
ground_horizon_color = Color(0.66224277, 0.6717428, 0.6867428, 1)

[sub_resource type="Sky" id="Sky_2r41h"]
sky_material = SubResource("ProceduralSkyMaterial_ppgk2")

[sub_resource type="Environment" id="Environment_klq6b"]
background_mode = 2
sky = SubResource("Sky_2r41h")
tonemap_mode = 2

[sub_resource type="ConcavePolygonShape3D" id="ConcavePolygonShape3D_5xgho"]
data = PackedVector3Array(1, 0, 1, -1, 0, 1, 1, 0, -1, -1, 0, 1, -1, 0, -1, 1, 0, -1)

[sub_resource type="PlaneMesh" id="PlaneMesh_u52ul"]

[sub_resource type="LabelSettings" id="LabelSettings_w7c3h"]
font_size = 30

[node name="Level" type="Node3D"]
script = ExtResource("1_ppgk2")

[node name="WorldEnvironment" type="WorldEnvironment" parent="."]
environment = SubResource("Environment_klq6b")

[node name="DirectionalLight3D" type="DirectionalLight3D" parent="."]
transform = Transform3D(-0.8660254, -0.43301266, 0.25000006, -0.41603994, 0.9013877, 0.12004462, -0.2773279, -4.8220158e-05, -0.9607754, 0, 70.26678, 0)

[node name="floor" type="StaticBody3D" parent="."]

[node name="CollisionShape3D" type="CollisionShape3D" parent="floor"]
transform = Transform3D(300, 0, 0, 0, 0.1, 0, 0, 0, 300, 0, 0, 0)
shape = SubResource("ConcavePolygonShape3D_5xgho")

[node name="MeshInstance3D" type="MeshInstance3D" parent="floor"]
transform = Transform3D(300, 0, 0, 0, 1, 0, 0, 0, 300, 0, 0, 0)
mesh = SubResource("PlaneMesh_u52ul")
skeleton = NodePath("../..")

[node name="Camera3D" type="Camera3D" parent="."]
transform = Transform3D(1, 0, 0, 0, 0.9243464, 0.38155442, 0, -0.38155442, 0.9243464, 0, 49.379227, 198.41568)

[node name="CanvasLayer" type="CanvasLayer" parent="."]

[node name="FPS" type="Label" parent="CanvasLayer"]
anchors_preset = 5
anchor_left = 0.5
anchor_right = 0.5
offset_left = -29.5
offset_right = 29.5
offset_bottom = 42.0
grow_horizontal = 2
size_flags_horizontal = 0
text = "FPS:"
label_settings = SubResource("LabelSettings_w7c3h")
script = ExtResource("3_w8frs")

[node name="DestroyPumpkinButton" type="TouchScreenButton" parent="CanvasLayer"]
position = Vector2(10, 180)
scale = Vector2(0.4, 0.4)
texture_normal = ExtResource("2_w8frs")
action = "ui_accept"

[node name="DestroyPumpkinButton2" type="TouchScreenButton" parent="CanvasLayer"]
position = Vector2(10, 22)
texture_normal = ExtResource("4_ppgk2")
action = "ui_left"

[node name="Pumpkins" type="Node3D" parent="."]

[node name="Pumpkin4" parent="Pumpkins" instance=ExtResource("2_w7c3h")]
transform = Transform3D(0.9993945, 0, 0.03479484, 0, 1, 0, -0.03479484, 0, 0.9993945, -1.0061995, 0, 68.35754)

[node name="Pumpkin8" parent="Pumpkins" instance=ExtResource("2_w7c3h")]
transform = Transform3D(0.9993945, 0, 0.03479484, 0, 1, 0, -0.03479484, 0, 0.9993945, 53.70312, 0, 66.48784)

[node name="Pumpkin5" parent="Pumpkins" instance=ExtResource("2_w7c3h")]
transform = Transform3D(0.9993945, 0, 0.03479484, 0, 1, 0, -0.03479484, 0, 0.9993945, -51.652317, 0, 70.15588)
